[gd_scene load_steps=4 format=3 uid="uid://bingrexrqljg3"]

[ext_resource type="Shader" uid="uid://cxxskw8rlchx7" path="res://ship/prototype_grid.gdshader" id="1_i7dwq"]
[ext_resource type="PackedScene" uid="uid://cdm4vcboo5os6" path="res://world/props/scenes/mega_wall_light.tscn" id="2_lan2x"]

[sub_resource type="ShaderMaterial" id="ShaderMaterial_mt6o5"]
render_priority = 0
shader = ExtResource("1_i7dwq")
shader_parameter/world_uv = false
shader_parameter/object_uv = false
shader_parameter/object_uv_scale = Vector2(1, 1)
shader_parameter/preset_color = 0
shader_parameter/base_color = Color(0, 0, 0, 1)
shader_parameter/metalic = 0.25
shader_parameter/roughness = 0.75
shader_parameter/grid_scale = 1.0
shader_parameter/grid_width = 0.01
shader_parameter/grid_color = Color(0.8, 0.8, 0.8, 1)
shader_parameter/inside_scale = 1.0
shader_parameter/inside_width = 0.01
shader_parameter/inside_color = Color(0.8, 0.8, 0.8, 0.8)
shader_parameter/checkered = true
shader_parameter/sub_checkered_grid = false
shader_parameter/checkered_color = Color(0.25, 0.25, 0.25, 1)
shader_parameter/checkered_blend_color = 0.1
shader_parameter/use_inside_uv = false
shader_parameter/use_albedo_color = false
shader_parameter/albedo_alpha = 0.5

[node name="Salvage" type="Node3D"]

[node name="Floor" type="CSGBox3D" parent="."]
transform = Transform3D(0.5, 0, 0, 0, 0.5, 0, 0, 0, 0.5, 0.117851, 1.74408, 3.09086e-08)
use_collision = true
size = Vector3(40, 1, 60)
material = SubResource("ShaderMaterial_mt6o5")

[node name="Floor2" type="CSGBox3D" parent="."]
transform = Transform3D(0.353553, -0.353553, 0, 0.353553, 0.353553, 0, 0, 0, 0.5, 12.9107, 4.53697, 3.09086e-08)
use_collision = true
size = Vector3(16, 1, 60)
material = SubResource("ShaderMaterial_mt6o5")

[node name="Floor3" type="CSGBox3D" parent="."]
transform = Transform3D(-0.353553, 0.353553, 4.37114e-08, 0.353553, 0.353553, 0, -3.09086e-08, 3.09086e-08, -0.5, -12.3215, 4.18342, 1.23634e-07)
use_collision = true
size = Vector3(14, 1, 60)
material = SubResource("ShaderMaterial_mt6o5")

[node name="Lights" type="Node3D" parent="."]

[node name="wall_light2" parent="Lights" instance=ExtResource("2_lan2x")]
transform = Transform3D(0.707107, -0.707107, 0, 0.707107, 0.707107, 0, 0, 0, 1, 13, 6, 0)

[node name="wall_light3" parent="Lights" instance=ExtResource("2_lan2x")]
transform = Transform3D(0.707107, -0.707107, 0, 0.707107, 0.707107, 0, 0, 0, 1, 13, 6, -13)

[node name="wall_light4" parent="Lights" instance=ExtResource("2_lan2x")]
transform = Transform3D(0.707107, -0.707107, 0, 0.707107, 0.707107, 0, 0, 0, 1, 13, 6, 13)

[node name="wall_light5" parent="Lights" instance=ExtResource("2_lan2x")]
transform = Transform3D(-0.707107, 0.707107, 8.74228e-08, 0.707107, 0.707107, 0, -6.18172e-08, 6.18172e-08, -1, -13, 6, -0.666667)

[node name="wall_light6" parent="Lights" instance=ExtResource("2_lan2x")]
transform = Transform3D(-0.707107, 0.707107, 8.74228e-08, 0.707107, 0.707107, 0, -6.18172e-08, 6.18172e-08, -1, -13, 6, 13.3333)

[node name="wall_light7" parent="Lights" instance=ExtResource("2_lan2x")]
transform = Transform3D(-0.707107, 0.707107, 8.74228e-08, 0.707107, 0.707107, 0, -6.18172e-08, 6.18172e-08, -1, -13, 6, -12.6667)
