[gd_scene load_steps=26 format=3 uid="uid://c2vh3q0o2fbfo"]

[ext_resource type="PackedScene" uid="uid://dsxppgkiwvytu" path="res://auxcraft/models/fighter.glb" id="2_lj7qg"]
[ext_resource type="PackedScene" uid="uid://bis7oyw47pkoh" path="res://world/props/models/wall_light.glb" id="3_142ra"]
[ext_resource type="PackedScene" uid="uid://xk45fu6cvrgo" path="res://world/props/models/human_reference.glb" id="4_534o4"]
[ext_resource type="Shader" path="res://ship/prototype_grid.gdshader" id="4_deuj0"]
[ext_resource type="PackedScene" uid="uid://cdm4vcboo5os6" path="res://world/props/scenes/mega_wall_light.tscn" id="5_ohl5s"]
[ext_resource type="PackedScene" uid="uid://b1q502qy271v8" path="res://world/props/scenes/sliding_door_01.tscn" id="5_v4jin"]
[ext_resource type="Script" path="res://system/scripts/elevator.gd" id="6_coe6n"]
[ext_resource type="PackedScene" uid="uid://dce3os7dfxwv8" path="res://system/button.tscn" id="7_5ron0"]
[ext_resource type="PackedScene" uid="uid://bg471in0ssgr4" path="res://world/props/scenes/sliding_door_02.tscn" id="8_hn6m1"]
[ext_resource type="PackedScene" uid="uid://cbcq4tjxh8fmr" path="res://ship/systems/cargo_grid.tscn" id="8_j3rsb"]
[ext_resource type="PackedScene" uid="uid://bw0axgpyrynkn" path="res://system/scenes/ladder.tscn" id="11_fa52d"]

[sub_resource type="ShaderMaterial" id="ShaderMaterial_0ewbk"]
render_priority = 0
shader = ExtResource("4_deuj0")
shader_parameter/world_uv = false
shader_parameter/object_uv = false
shader_parameter/object_uv_scale = Vector2(1, 1)
shader_parameter/preset_color = 0
shader_parameter/base_color = Color(0, 0, 0, 1)
shader_parameter/metalic = 0.25
shader_parameter/roughness = 0.75
shader_parameter/grid_scale = 1.0
shader_parameter/grid_width = 0.01
shader_parameter/grid_color = Color(0.8, 0.8, 0.8, 1)
shader_parameter/inside_scale = 1.0
shader_parameter/inside_width = 0.01
shader_parameter/inside_color = Color(0.8, 0.8, 0.8, 0.8)
shader_parameter/checkered = true
shader_parameter/sub_checkered_grid = false
shader_parameter/checkered_color = Color(0.25, 0.25, 0.25, 1)
shader_parameter/checkered_blend_color = 0.1
shader_parameter/use_inside_uv = false
shader_parameter/use_albedo_color = false
shader_parameter/albedo_alpha = 0.5

[sub_resource type="ShaderMaterial" id="ShaderMaterial_gmofw"]
render_priority = 0
shader = ExtResource("4_deuj0")
shader_parameter/world_uv = false
shader_parameter/object_uv = false
shader_parameter/object_uv_scale = Vector2(1, 1)
shader_parameter/preset_color = 0
shader_parameter/base_color = Color(0, 0, 0, 1)
shader_parameter/metalic = 0.25
shader_parameter/roughness = 0.75
shader_parameter/grid_scale = 1.0
shader_parameter/grid_width = 0.01
shader_parameter/grid_color = Color(0.8, 0.8, 0.8, 1)
shader_parameter/inside_scale = 1.0
shader_parameter/inside_width = 0.01
shader_parameter/inside_color = Color(0.8, 0.8, 0.8, 0.8)
shader_parameter/checkered = true
shader_parameter/sub_checkered_grid = false
shader_parameter/checkered_color = Color(0.25, 0.25, 0.25, 1)
shader_parameter/checkered_blend_color = 0.1
shader_parameter/use_inside_uv = false
shader_parameter/use_albedo_color = false
shader_parameter/albedo_alpha = 0.5

[sub_resource type="ShaderMaterial" id="ShaderMaterial_lxtyw"]
render_priority = 0
shader = ExtResource("4_deuj0")
shader_parameter/world_uv = false
shader_parameter/object_uv = false
shader_parameter/object_uv_scale = Vector2(1, 1)
shader_parameter/preset_color = 0
shader_parameter/base_color = Color(0, 0, 0, 1)
shader_parameter/metalic = 0.25
shader_parameter/roughness = 0.75
shader_parameter/grid_scale = 1.0
shader_parameter/grid_width = 0.01
shader_parameter/grid_color = Color(0.8, 0.8, 0.8, 1)
shader_parameter/inside_scale = 1.0
shader_parameter/inside_width = 0.01
shader_parameter/inside_color = Color(0.8, 0.8, 0.8, 0.8)
shader_parameter/checkered = true
shader_parameter/sub_checkered_grid = false
shader_parameter/checkered_color = Color(0.25, 0.25, 0.25, 1)
shader_parameter/checkered_blend_color = 0.1
shader_parameter/use_inside_uv = false
shader_parameter/use_albedo_color = false
shader_parameter/albedo_alpha = 0.5

[sub_resource type="StandardMaterial3D" id="StandardMaterial3D_kbwmj"]
transparency = 1
albedo_color = Color(0.5, 0.5, 0.5, 0.160784)

[sub_resource type="ShaderMaterial" id="ShaderMaterial_04tno"]
render_priority = 0
shader = ExtResource("4_deuj0")
shader_parameter/world_uv = false
shader_parameter/object_uv = false
shader_parameter/object_uv_scale = Vector2(1, 1)
shader_parameter/preset_color = 4
shader_parameter/base_color = Color(0, 0, 0, 1)
shader_parameter/metalic = 0.25
shader_parameter/roughness = 0.75
shader_parameter/grid_scale = 1.0
shader_parameter/grid_width = 0.01
shader_parameter/grid_color = Color(0.8, 0.8, 0.8, 1)
shader_parameter/inside_scale = 1.0
shader_parameter/inside_width = 0.01
shader_parameter/inside_color = Color(0.8, 0.8, 0.8, 0.8)
shader_parameter/checkered = true
shader_parameter/sub_checkered_grid = false
shader_parameter/checkered_color = Color(0.25, 0.25, 0.25, 1)
shader_parameter/checkered_blend_color = 0.1
shader_parameter/use_inside_uv = false
shader_parameter/use_albedo_color = false
shader_parameter/albedo_alpha = 0.5

[sub_resource type="ShaderMaterial" id="ShaderMaterial_w3mpj"]
render_priority = 0
shader = ExtResource("4_deuj0")
shader_parameter/world_uv = false
shader_parameter/object_uv = false
shader_parameter/object_uv_scale = Vector2(1, 1)
shader_parameter/preset_color = 3
shader_parameter/base_color = Color(0, 0, 0, 1)
shader_parameter/metalic = 0.25
shader_parameter/roughness = 0.75
shader_parameter/grid_scale = 1.0
shader_parameter/grid_width = 0.01
shader_parameter/grid_color = Color(0.8, 0.8, 0.8, 1)
shader_parameter/inside_scale = 1.0
shader_parameter/inside_width = 0.01
shader_parameter/inside_color = Color(0.8, 0.8, 0.8, 0.8)
shader_parameter/checkered = true
shader_parameter/sub_checkered_grid = false
shader_parameter/checkered_color = Color(0.25, 0.25, 0.25, 1)
shader_parameter/checkered_blend_color = 0.1
shader_parameter/use_inside_uv = false
shader_parameter/use_albedo_color = false
shader_parameter/albedo_alpha = 0.5

[sub_resource type="ShaderMaterial" id="ShaderMaterial_jfjuu"]
render_priority = 0
shader = ExtResource("4_deuj0")
shader_parameter/world_uv = false
shader_parameter/object_uv = false
shader_parameter/object_uv_scale = Vector2(1, 1)
shader_parameter/preset_color = 0
shader_parameter/base_color = Color(0, 0, 0, 1)
shader_parameter/metalic = 0.25
shader_parameter/roughness = 0.75
shader_parameter/grid_scale = 1.0
shader_parameter/grid_width = 0.01
shader_parameter/grid_color = Color(0.8, 0.8, 0.8, 1)
shader_parameter/inside_scale = 1.0
shader_parameter/inside_width = 0.01
shader_parameter/inside_color = Color(0.8, 0.8, 0.8, 0.8)
shader_parameter/checkered = true
shader_parameter/sub_checkered_grid = false
shader_parameter/checkered_color = Color(0.25, 0.25, 0.25, 1)
shader_parameter/checkered_blend_color = 0.1
shader_parameter/use_inside_uv = false
shader_parameter/use_albedo_color = false
shader_parameter/albedo_alpha = 0.5

[sub_resource type="ShaderMaterial" id="ShaderMaterial_pp6qn"]
render_priority = 0
shader = ExtResource("4_deuj0")
shader_parameter/world_uv = false
shader_parameter/object_uv = false
shader_parameter/object_uv_scale = Vector2(1, 1)
shader_parameter/preset_color = 0
shader_parameter/base_color = Color(0.533038, 0.533036, 0.533037, 1)
shader_parameter/metalic = 0.25
shader_parameter/roughness = 0.75
shader_parameter/grid_scale = 1.0
shader_parameter/grid_width = 0.01
shader_parameter/grid_color = Color(0.8, 0.8, 0.8, 1)
shader_parameter/inside_scale = 1.0
shader_parameter/inside_width = 0.01
shader_parameter/inside_color = Color(0.8, 0.8, 0.8, 0.8)
shader_parameter/checkered = true
shader_parameter/sub_checkered_grid = false
shader_parameter/checkered_color = Color(0.25, 0.25, 0.25, 1)
shader_parameter/checkered_blend_color = 0.1
shader_parameter/use_inside_uv = false
shader_parameter/use_albedo_color = false
shader_parameter/albedo_alpha = 0.5

[sub_resource type="ShaderMaterial" id="ShaderMaterial_4i6tm"]
render_priority = 0
shader = ExtResource("4_deuj0")
shader_parameter/world_uv = false
shader_parameter/object_uv = false
shader_parameter/object_uv_scale = Vector2(1, 1)
shader_parameter/preset_color = 4
shader_parameter/base_color = Color(0, 0, 0, 1)
shader_parameter/metalic = 0.25
shader_parameter/roughness = 0.75
shader_parameter/grid_scale = 1.0
shader_parameter/grid_width = 0.01
shader_parameter/grid_color = Color(0.8, 0.8, 0.8, 1)
shader_parameter/inside_scale = 1.0
shader_parameter/inside_width = 0.01
shader_parameter/inside_color = Color(0.8, 0.8, 0.8, 0.8)
shader_parameter/checkered = true
shader_parameter/sub_checkered_grid = false
shader_parameter/checkered_color = Color(0.25, 0.25, 0.25, 1)
shader_parameter/checkered_blend_color = 0.1
shader_parameter/use_inside_uv = false
shader_parameter/use_albedo_color = false
shader_parameter/albedo_alpha = 0.5

[sub_resource type="ShaderMaterial" id="ShaderMaterial_k5w4s"]
render_priority = 0
shader = ExtResource("4_deuj0")
shader_parameter/world_uv = false
shader_parameter/object_uv = false
shader_parameter/object_uv_scale = Vector2(1, 1)
shader_parameter/preset_color = 0
shader_parameter/base_color = Color(0, 0, 0, 1)
shader_parameter/metalic = 0.25
shader_parameter/roughness = 0.75
shader_parameter/grid_scale = 1.0
shader_parameter/grid_width = 0.01
shader_parameter/grid_color = Color(0.8, 0.8, 0.8, 1)
shader_parameter/inside_scale = 1.0
shader_parameter/inside_width = 0.01
shader_parameter/inside_color = Color(0.8, 0.8, 0.8, 0.8)
shader_parameter/checkered = true
shader_parameter/sub_checkered_grid = false
shader_parameter/checkered_color = Color(0.25, 0.25, 0.25, 1)
shader_parameter/checkered_blend_color = 0.1
shader_parameter/use_inside_uv = false
shader_parameter/use_albedo_color = false
shader_parameter/albedo_alpha = 0.5

[sub_resource type="ShaderMaterial" id="ShaderMaterial_elybm"]
render_priority = 0
shader = ExtResource("4_deuj0")
shader_parameter/world_uv = false
shader_parameter/object_uv = false
shader_parameter/object_uv_scale = Vector2(1, 1)
shader_parameter/preset_color = 4
shader_parameter/base_color = Color(0, 0, 0, 1)
shader_parameter/metalic = 0.25
shader_parameter/roughness = 0.75
shader_parameter/grid_scale = 1.0
shader_parameter/grid_width = 0.01
shader_parameter/grid_color = Color(0.8, 0.8, 0.8, 1)
shader_parameter/inside_scale = 1.0
shader_parameter/inside_width = 0.01
shader_parameter/inside_color = Color(0.8, 0.8, 0.8, 0.8)
shader_parameter/checkered = true
shader_parameter/sub_checkered_grid = false
shader_parameter/checkered_color = Color(0.25, 0.25, 0.25, 1)
shader_parameter/checkered_blend_color = 0.1
shader_parameter/use_inside_uv = false
shader_parameter/use_albedo_color = false
shader_parameter/albedo_alpha = 0.5

[sub_resource type="ShaderMaterial" id="ShaderMaterial_q2r8y"]
render_priority = 0
shader = ExtResource("4_deuj0")
shader_parameter/world_uv = false
shader_parameter/object_uv = false
shader_parameter/object_uv_scale = Vector2(1, 1)
shader_parameter/preset_color = 0
shader_parameter/base_color = Color(0, 0, 0, 1)
shader_parameter/metalic = 0.25
shader_parameter/roughness = 0.75
shader_parameter/grid_scale = 1.0
shader_parameter/grid_width = 0.01
shader_parameter/grid_color = Color(0.8, 0.8, 0.8, 1)
shader_parameter/inside_scale = 1.0
shader_parameter/inside_width = 0.01
shader_parameter/inside_color = Color(0.8, 0.8, 0.8, 0.8)
shader_parameter/checkered = true
shader_parameter/sub_checkered_grid = false
shader_parameter/checkered_color = Color(0.25, 0.25, 0.25, 1)
shader_parameter/checkered_blend_color = 0.1
shader_parameter/use_inside_uv = false
shader_parameter/use_albedo_color = false
shader_parameter/albedo_alpha = 0.5

[sub_resource type="ShaderMaterial" id="ShaderMaterial_bhhon"]
render_priority = 0
shader = ExtResource("4_deuj0")
shader_parameter/world_uv = false
shader_parameter/object_uv = false
shader_parameter/object_uv_scale = Vector2(1, 1)
shader_parameter/preset_color = 0
shader_parameter/base_color = Color(0, 0, 0, 1)
shader_parameter/metalic = 0.25
shader_parameter/roughness = 0.75
shader_parameter/grid_scale = 1.0
shader_parameter/grid_width = 0.01
shader_parameter/grid_color = Color(0.8, 0.8, 0.8, 1)
shader_parameter/inside_scale = 1.0
shader_parameter/inside_width = 0.01
shader_parameter/inside_color = Color(0.8, 0.8, 0.8, 0.8)
shader_parameter/checkered = true
shader_parameter/sub_checkered_grid = false
shader_parameter/checkered_color = Color(0.25, 0.25, 0.25, 1)
shader_parameter/checkered_blend_color = 0.1
shader_parameter/use_inside_uv = false
shader_parameter/use_albedo_color = false
shader_parameter/albedo_alpha = 0.5

[sub_resource type="ShaderMaterial" id="ShaderMaterial_y4ay4"]
render_priority = 0
shader = ExtResource("4_deuj0")
shader_parameter/world_uv = false
shader_parameter/object_uv = false
shader_parameter/object_uv_scale = Vector2(1, 1)
shader_parameter/preset_color = 6
shader_parameter/base_color = Color(0, 0, 0, 1)
shader_parameter/metalic = 0.25
shader_parameter/roughness = 0.75
shader_parameter/grid_scale = 1.0
shader_parameter/grid_width = 0.01
shader_parameter/grid_color = Color(0.8, 0.8, 0.8, 1)
shader_parameter/inside_scale = 1.0
shader_parameter/inside_width = 0.01
shader_parameter/inside_color = Color(0.8, 0.8, 0.8, 0.8)
shader_parameter/checkered = true
shader_parameter/sub_checkered_grid = false
shader_parameter/checkered_color = Color(0.25, 0.25, 0.25, 1)
shader_parameter/checkered_blend_color = 0.1
shader_parameter/use_inside_uv = false
shader_parameter/use_albedo_color = false
shader_parameter/albedo_alpha = 0.5

[node name="SmallShipBlockout" type="Node3D"]

[node name="fighter" parent="." instance=ExtResource("2_lj7qg")]
transform = Transform3D(1, 0, 1.47027e-07, 0, 1, 0, -1.47027e-07, 0, 1, 3.56917, 9.01933, 8.67528)

[node name="fighter2" parent="." instance=ExtResource("2_lj7qg")]
transform = Transform3D(-1, 0, -5.96046e-08, 0, 1, 0, 5.96046e-08, 0, -1, 3.56917, 9.01933, 25.6753)

[node name="Engineering" type="Node3D" parent="."]
transform = Transform3D(1, 0, -1.74846e-07, 0, 1, 0, 1.74846e-07, 0, 1, -0.0723641, 1, -22.7011)

[node name="wall_light4" parent="Engineering" instance=ExtResource("3_142ra")]
transform = Transform3D(0.0223151, 0.704894, 0.708962, -0.0201479, 0.709311, -0.704607, -0.999548, 0.00143931, 0.0300306, -3.35936, -0.367263, 11)

[node name="SpotLight3D" type="SpotLight3D" parent="Engineering/wall_light4"]
transform = Transform3D(1, 0, 0, 0, -4.37114e-08, -1, 0, 1, -4.37114e-08, 0, 0, 0)
light_color = Color(0.737341, 0, 0.0996466, 1)
light_energy = 5.0
shadow_enabled = true
spot_angle = 90.0

[node name="wall_light5" parent="Engineering" instance=ExtResource("3_142ra")]
transform = Transform3D(-0.0223151, -0.704894, -0.708962, -0.0201479, 0.709311, -0.704608, 0.999548, -0.00143926, -0.0300305, 3.39523, -0.367263, 11)

[node name="SpotLight3D" type="SpotLight3D" parent="Engineering/wall_light5"]
transform = Transform3D(1, 0, 0, 0, -4.37114e-08, -1, 0, 1, -4.37114e-08, 0, 0, 0)
light_color = Color(0.737341, 0, 0.0996466, 1)
light_energy = 5.0
shadow_enabled = true
spot_angle = 90.0

[node name="wall_light10" parent="Engineering" instance=ExtResource("3_142ra")]
transform = Transform3D(-0.0300259, 0.00312355, -0.999544, 0.00153239, 0.999994, 0.00307885, 0.999548, -0.00143926, -0.0300305, 11.0841, -0.367263, 8.7806)

[node name="OmniLight3D" type="OmniLight3D" parent="Engineering/wall_light10"]
light_color = Color(0.131994, 0.380141, 1, 1)
light_energy = 5.0

[node name="wall_light11" parent="Engineering" instance=ExtResource("3_142ra")]
transform = Transform3D(-0.0300259, 0.00312355, -0.999544, 0.00153239, 0.999994, 0.00307885, 0.999548, -0.00143926, -0.0300305, -10.4505, -0.176916, 8.62175)

[node name="OmniLight3D" type="OmniLight3D" parent="Engineering/wall_light11"]
light_color = Color(0.131994, 0.380141, 1, 1)
light_energy = 5.0

[node name="wall_light6" parent="Engineering" instance=ExtResource("3_142ra")]
transform = Transform3D(0.0223151, 0.704894, 0.708962, -0.0201479, 0.709311, -0.704607, -0.999548, 0.00143931, 0.0300306, -3.35936, -0.367263, 6)

[node name="SpotLight3D" type="SpotLight3D" parent="Engineering/wall_light6"]
transform = Transform3D(1, 0, 0, 0, -4.37114e-08, -1, 0, 1, -4.37114e-08, 0, 0, 0)
light_color = Color(0.737341, 0, 0.0996466, 1)
light_energy = 5.0
shadow_enabled = true
spot_angle = 90.0

[node name="wall_light7" parent="Engineering" instance=ExtResource("3_142ra")]
transform = Transform3D(-0.0223151, -0.704894, -0.708962, -0.0201479, 0.709311, -0.704608, 0.999548, -0.00143926, -0.0300305, 3.39523, -0.367263, 6)

[node name="SpotLight3D" type="SpotLight3D" parent="Engineering/wall_light7"]
transform = Transform3D(1, 0, 0, 0, -4.37114e-08, -1, 0, 1, -4.37114e-08, 0, 0, 0)
light_color = Color(0.737341, 0, 0.0996466, 1)
light_energy = 5.0
shadow_enabled = true
spot_angle = 90.0

[node name="wall_light8" parent="Engineering" instance=ExtResource("3_142ra")]
transform = Transform3D(0.0223151, 0.704894, 0.708962, -0.0201479, 0.709311, -0.704607, -0.999548, 0.00143931, 0.0300306, -3.35936, -0.367263, 15)

[node name="SpotLight3D" type="SpotLight3D" parent="Engineering/wall_light8"]
transform = Transform3D(1, 0, 0, 0, -4.37114e-08, -1, 0, 1, -4.37114e-08, 0, 0, 0)
light_color = Color(0.737341, 0, 0.0996466, 1)
light_energy = 5.0
shadow_enabled = true
spot_angle = 90.0

[node name="wall_light9" parent="Engineering" instance=ExtResource("3_142ra")]
transform = Transform3D(-0.0223151, -0.704894, -0.708962, -0.0201479, 0.709311, -0.704608, 0.999548, -0.00143926, -0.0300305, 3.39523, -0.367263, 15)

[node name="SpotLight3D" type="SpotLight3D" parent="Engineering/wall_light9"]
transform = Transform3D(1, 0, 0, 0, -4.37114e-08, -1, 0, 1, -4.37114e-08, 0, 0, 0)
light_color = Color(0.737341, 0, 0.0996466, 1)
light_energy = 5.0
shadow_enabled = true
spot_angle = 90.0

[node name="wall_light" parent="Engineering" instance=ExtResource("3_142ra")]
transform = Transform3D(1, 0, 0, 0, -1, -8.74228e-08, 0, 8.74228e-08, -1, -5, 6, 11)

[node name="SpotLight3D2" type="SpotLight3D" parent="Engineering/wall_light"]
transform = Transform3D(1, 0, 0, 0, -4.37114e-08, -1, 0, 1, -4.37114e-08, 0, 0, 0)
light_color = Color(0.839737, 0.766113, 7.70092e-07, 1)
light_energy = 10.0
shadow_enabled = true
spot_range = 57.7146
spot_angle = 55.6168

[node name="wall_light2" parent="Engineering" instance=ExtResource("3_142ra")]
transform = Transform3D(1, 0, 0, 0, -1, -8.74228e-08, 0, 8.74228e-08, -1, 6, 6, 11)

[node name="SpotLight3D2" type="SpotLight3D" parent="Engineering/wall_light2"]
transform = Transform3D(1, 0, 0, 0, -4.37114e-08, -1, 0, 1, -4.37114e-08, 0, 0, 0)
light_color = Color(0.839737, 0.766113, 7.70092e-07, 1)
light_energy = 10.0
shadow_enabled = true
spot_range = 57.7146
spot_angle = 55.6168

[node name="Floor" type="CSGBox3D" parent="Engineering"]
transform = Transform3D(1, 0, 0, 0, 1, 0, 0, 0, 1, 0, -1, 9.50005)
use_collision = true
size = Vector3(15, 1, 21)
material = SubResource("ShaderMaterial_0ewbk")

[node name="Floor13" type="CSGBox3D" parent="Engineering"]
transform = Transform3D(1, 0, 0, 0, 1, 0, 0, 0, 1, 0, 5, 20.5)
use_collision = true
size = Vector3(15, 1, 1)
material = SubResource("ShaderMaterial_0ewbk")

[node name="Floor9" type="CSGBox3D" parent="Engineering"]
transform = Transform3D(1, 0, 0, 0, 1, 0, 0, 0, 1, 1, 6, 7.50005)
use_collision = true
size = Vector3(17, 1, 25)
material = SubResource("ShaderMaterial_0ewbk")

[node name="Floor6" type="CSGBox3D" parent="Engineering"]
transform = Transform3D(1, 0, 0, 0, 1, 0, 0, 0, 1, 6, 0.515137, 7.2666)
use_collision = true
size = Vector3(5, 2, 17.5166)
material = SubResource("ShaderMaterial_0ewbk")

[node name="Floor7" type="CSGBox3D" parent="Engineering"]
transform = Transform3D(1, 0, 0, 0, 1, 0, 0, 0, 1, -6, 0.515137, 7.26263)
use_collision = true
size = Vector3(5, 2, 17.5087)
material = SubResource("ShaderMaterial_0ewbk")

[node name="Floor24" type="CSGBox3D" parent="Engineering"]
transform = Transform3D(0.866025, 0, -0.5, 0, 1, 0, 0.5, 0, 0.866025, 8.69539, 0.506836, 6.43339)
use_collision = true
size = Vector3(2, 2, 5)
material = SubResource("ShaderMaterial_0ewbk")

[node name="Floor28" type="CSGBox3D" parent="Engineering"]
transform = Transform3D(-0.866025, -8.74228e-08, 0.5, 7.57103e-08, -1, -4.37114e-08, 0.5, 0, 0.866025, -8.30461, 0.506836, 6.43339)
use_collision = true
size = Vector3(2, 2, 5)
material = SubResource("ShaderMaterial_0ewbk")

[node name="Floor25" type="CSGBox3D" parent="Engineering"]
transform = Transform3D(0.866025, 0, -0.5, 0, 1, 0, 0.5, 0, 0.866025, 8.41262, 1.0022, 14.561)
use_collision = true
size = Vector3(3.36432, 1.00439, 5.36029)
material = SubResource("ShaderMaterial_0ewbk")

[node name="Floor27" type="CSGBox3D" parent="Engineering"]
transform = Transform3D(-0.866025, -8.9407e-08, 0.5, 8.9407e-08, -1, -4.47035e-08, 0.5, 0, 0.866025, -8.58738, 1.0022, 14.561)
use_collision = true
size = Vector3(3.36432, 1.00439, 5.36029)
material = SubResource("ShaderMaterial_0ewbk")

[node name="Floor23" type="CSGBox3D" parent="Engineering"]
transform = Transform3D(1, 0, 0, 0, 1, 0, 0, 0, 1, 7, 1, 18.0083)
use_collision = true
size = Vector3(3, 1, 5)
material = SubResource("ShaderMaterial_0ewbk")

[node name="Floor26" type="CSGBox3D" parent="Engineering"]
transform = Transform3D(1, 0, 0, 0, 1, 0, 0, 0, 1, -7, 1, 18.0083)
use_collision = true
size = Vector3(3, 1, 5)
material = SubResource("ShaderMaterial_0ewbk")

[node name="Floor4" type="CSGBox3D" parent="Engineering"]
transform = Transform3D(0.866025, 0.5, 0, -0.5, 0.866025, 0, 0, 0, 1, -3.70946, -0.100594, 18.0067)
use_collision = true
size = Vector3(4.71487, 1, 3.98657)
material = SubResource("ShaderMaterial_0ewbk")

[node name="Floor5" type="CSGBox3D" parent="Engineering"]
transform = Transform3D(-0.866025, -0.5, 8.74228e-08, -0.5, 0.866025, 0, -7.57103e-08, -4.37114e-08, -1, 3.71209, -0.104622, 18.0067)
use_collision = true
size = Vector3(4.69876, 1, 3.98657)
material = SubResource("ShaderMaterial_0ewbk")

[node name="Floor3" type="CSGBox3D" parent="Engineering"]
transform = Transform3D(-0.866025, 8.74228e-08, -0.5, -7.57103e-08, -1, -4.37114e-08, -0.5, 0, 0.866025, 10.683, -1, 8.13741)
use_collision = true
size = Vector3(7, 0.964615, 9)
material = SubResource("ShaderMaterial_0ewbk")

[node name="Floor10" type="CSGBox3D" parent="Engineering"]
transform = Transform3D(-0.866025, 8.74228e-08, -0.5, -7.57103e-08, -1, -4.37114e-08, -0.5, 0, 0.866025, 9.00148, 6, 11.0499)
use_collision = true
size = Vector3(7, 0.964615, 15.7261)
material = SubResource("ShaderMaterial_0ewbk")

[node name="Floor22" type="CSGBox3D" parent="Engineering"]
transform = Transform3D(0.866025, 0, 0.5, 0, 1, 0, -0.5, 0, 0.866025, -11.067, -1, 7.7044)
use_collision = true
size = Vector3(7, 0.964615, 10)
material = SubResource("ShaderMaterial_0ewbk")

[node name="Floor31" type="CSGBox3D" parent="Engineering"]
transform = Transform3D(0.866025, 0, 0.5, 0, 1, 0, -0.5, 0, 0.866025, -8.59703, 6, 10.7471)
use_collision = true
size = Vector3(8.23547, 0.964615, 17)
material = SubResource("ShaderMaterial_0ewbk")

[node name="Floor12" type="CSGBox3D" parent="Engineering"]
transform = Transform3D(1.31134e-07, 1, 0, -1, 1.31134e-07, 0, 0, 0, 1, 8.90411, 2.50874, 2.25598)
use_collision = true
size = Vector3(7, 1, 7)
material = SubResource("ShaderMaterial_0ewbk")

[node name="Floor18" type="CSGBox3D" parent="Engineering"]
transform = Transform3D(1.31134e-07, 1, 0, -1, 1.31134e-07, 0, 0, 0, 1, -8.09589, 2.50874, 2.25598)
use_collision = true
size = Vector3(7, 1, 7)
material = SubResource("ShaderMaterial_0ewbk")

[node name="Floor16" type="CSGBox3D" parent="Engineering"]
transform = Transform3D(-5.73206e-15, -4.37114e-08, 1, -1, 1.31134e-07, 0, -1.31134e-07, -1, -4.37114e-08, 0.709469, 2.50874, -0.7458)
use_collision = true
size = Vector3(7, 1, 18)
material = SubResource("ShaderMaterial_0ewbk")

[node name="Floor19" type="CSGBox3D" parent="Engineering"]
transform = Transform3D(-5.73206e-15, -4.37114e-08, 1, -1, 1.31134e-07, 0, -1.31134e-07, -1, -4.37114e-08, 5.44824, 2.50874, 20.2542)
use_collision = true
size = Vector3(7, 1, 8.52246)
material = SubResource("ShaderMaterial_0ewbk")

[node name="Floor20" type="CSGBox3D" parent="Engineering"]
transform = Transform3D(-5.73206e-15, -4.37114e-08, 1, -1, 1.31134e-07, 0, -1.31134e-07, -1, -4.37114e-08, -5.17405, 2.50874, 20.2542)
use_collision = true
size = Vector3(7, 1, 8.23297)
material = SubResource("ShaderMaterial_0ewbk")

[node name="Floor29" type="CSGBox3D" parent="Engineering"]
transform = Transform3D(-5.73206e-15, -4.37114e-08, 1, -1, 1.31134e-07, 0, -1.31134e-07, -1, -4.37114e-08, 0.118282, 3.82057, 20.2542)
use_collision = true
size = Vector3(2.98157, 1, 2.35168)
material = SubResource("ShaderMaterial_0ewbk")

[node name="Floor17" type="CSGBox3D" parent="Engineering"]
transform = Transform3D(-5.73206e-15, -4.37114e-08, 1, -1, 1.31134e-07, 0, -1.31134e-07, -1, -4.37114e-08, 12.2095, 2.50874, 5.25415)
use_collision = true
size = Vector3(7, 1, 7)
material = SubResource("ShaderMaterial_0ewbk")

[node name="Floor21" type="CSGBox3D" parent="Engineering"]
transform = Transform3D(-5.73206e-15, -4.37114e-08, 1, -1, 1.31134e-07, 0, -1.31134e-07, -1, -4.37114e-08, -12.2905, 2.50874, 4.25415)
use_collision = true
size = Vector3(7, 1, 8)
material = SubResource("ShaderMaterial_0ewbk")

[node name="Floor14" type="CSGBox3D" parent="Engineering"]
transform = Transform3D(1.13566e-07, 0.866025, 0.5, -1, 1.31134e-07, 0, -6.55671e-08, -0.5, 0.866025, -11.9176, 2.50874, 12.3403)
use_collision = true
size = Vector3(7, 1, 18)
material = SubResource("ShaderMaterial_0ewbk")

[node name="Floor15" type="CSGBox3D" parent="Engineering"]
transform = Transform3D(-1.13566e-07, -0.866025, 0.5, -1, 1.31134e-07, 0, -6.55671e-08, -0.5, -0.866025, 11.8324, 2.50874, 12.7733)
use_collision = true
size = Vector3(7, 1, 17)
material = SubResource("ShaderMaterial_0ewbk")

[node name="human_reference" parent="Engineering" instance=ExtResource("4_534o4")]
transform = Transform3D(-0.866025, 0, 0.5, 0, 1, 0, -0.5, 0, -0.866025, -7.69449, -0.5, 12.7895)

[node name="human_reference3" parent="Engineering" instance=ExtResource("4_534o4")]
transform = Transform3D(-0.258819, 0, 0.965926, 0, 1, 0, -0.965926, 0, -0.258819, 6.58232, -0.5, 14.8704)

[node name="sliding_door_01" parent="Engineering" instance=ExtResource("5_v4jin")]
transform = Transform3D(1, 0, 0, 0, 1, 0, 0, 0, 1, 0.0717378, -0.576818, 20.203)

[node name="Cargo" type="Node3D" parent="."]
transform = Transform3D(-1, 0, 8.74228e-08, 0, 1, 0, -8.74228e-08, 0, -1, -0.106, 0, 23.299)

[node name="wall_light3" parent="Cargo" instance=ExtResource("5_ohl5s")]
transform = Transform3D(1, 0, 0, 0, -1, 8.74228e-08, 0, -8.74228e-08, -1, -2.28136, 8.5, 16.5176)

[node name="wall_light4" parent="Cargo" instance=ExtResource("5_ohl5s")]
transform = Transform3D(1, 0, 0, 0, -1, 8.74228e-08, 0, -8.74228e-08, -1, -2.28136, 6.5, 2.51755)

[node name="wall_light5" parent="Cargo" instance=ExtResource("5_ohl5s")]
transform = Transform3D(1, 0, 0, 0, -1, 8.74228e-08, 0, -8.74228e-08, -1, 9.71864, 6.5, 2.51755)

[node name="wall_light7" parent="Cargo" instance=ExtResource("5_ohl5s")]
transform = Transform3D(1, 0, 0, 0, -1, 8.74228e-08, 0, -8.74228e-08, -1, 5.71864, 6.5, -9.48244)

[node name="wall_light8" parent="Cargo" instance=ExtResource("5_ohl5s")]
transform = Transform3D(1, 0, 0, 0, -1, 8.74228e-08, 0, -8.74228e-08, -1, -3.28136, 6.5, -9.48244)

[node name="wall_light6" parent="Cargo" instance=ExtResource("5_ohl5s")]
transform = Transform3D(1, 0, 0, 0, -1, 8.74228e-08, 0, -8.74228e-08, -1, 9.7227, 6.5, 15.5059)

[node name="CSGBox3D" type="CSGBox3D" parent="Cargo"]
transform = Transform3D(1, 0, 0, 0, 1, 0, 0, 0, 1, 0.91, 0, 12.9872)
use_collision = true
size = Vector3(24, 1, 26)
material = SubResource("ShaderMaterial_gmofw")

[node name="CSGBox3D3" type="CSGBox3D" parent="Cargo"]
transform = Transform3D(-3.09086e-08, 0.707107, -0.707107, -1, -4.37114e-08, 0, -3.09086e-08, 0.707107, 0.707107, 11.8801, 3.50001, 23.3284)
use_collision = true
size = Vector3(7, 1, 9)
material = SubResource("ShaderMaterial_gmofw")

[node name="CSGBox3D6" type="CSGBox3D" parent="Cargo"]
transform = Transform3D(-0.5, 0.866025, -2.58096e-08, -0.866025, -0.5, 1.49012e-08, -1.77636e-15, 2.98023e-08, 1, 14.4634, 3.61165, 20.3284)
use_collision = true
size = Vector3(9, 1, 3)
material = SubResource("ShaderMaterial_gmofw")

[node name="CSGBox3D8" type="CSGBox3D" parent="Cargo"]
transform = Transform3D(-0.5, 0.866025, -2.58096e-08, -0.866025, -0.5, 1.49012e-08, -1.77636e-15, 2.98023e-08, 1, 14.4634, 3.61165, 2.82842)
use_collision = true
size = Vector3(9, 1, 6)
material = SubResource("ShaderMaterial_gmofw")

[node name="CSGBox3D9" type="CSGBox3D" parent="Cargo"]
transform = Transform3D(-0.5, 0.866025, -2.58096e-08, -0.866025, -0.5, 1.49012e-08, -3.55271e-15, 2.98023e-08, 1, 15.9012, 6.1019, 12.3284)
use_collision = true
size = Vector3(3.24902, 1, 13)
material = SubResource("ShaderMaterial_gmofw")

[node name="CSGBox3D11" type="CSGBox3D" parent="Cargo"]
transform = Transform3D(0.5, 0.866025, -2.58096e-08, -0.866025, 0.5, -1.49012e-08, -1.77636e-15, 2.98023e-08, 1, -13.1199, 3.50001, 11.8284)
use_collision = true
size = Vector3(9, 1, 24)
material = SubResource("ShaderMaterial_gmofw")

[node name="CSGBox3D7" type="CSGBox3D" parent="Cargo"]
transform = Transform3D(1.34329e-16, -1.39091e-08, 1, -1, -4.37114e-08, -1.05879e-22, 4.37114e-08, -1, -1.39091e-08, 0.380105, 1.50001, 0.328429)
use_collision = true
size = Vector3(3, 1, 26)
material = SubResource("ShaderMaterial_gmofw")

[node name="CSGBox3D4" type="CSGBox3D" parent="Cargo"]
transform = Transform3D(1.18331e-07, -0.707107, 0.707107, 1, 1.05529e-07, -6.18172e-08, -3.09086e-08, 0.707107, 0.707107, -10.9379, 3.50001, 23.682)
use_collision = true
size = Vector3(7, 1, 8)
material = SubResource("ShaderMaterial_gmofw")

[node name="Hangar" type="Node3D" parent="."]
transform = Transform3D(-1, 0, 8.74228e-08, 0, 1, 0, -8.74228e-08, 0, -1, 2.05405, 0, 23.2989)

[node name="CSGBox3D10" type="CSGBox3D" parent="Hangar"]
transform = Transform3D(1, 0, 0, 0, 1, 0, 0, 0, 1, 6.91, 7, -0.0128078)
use_collision = true
size = Vector3(24, 1, 36)
material = SubResource("ShaderMaterial_gmofw")

[node name="CSGBox3D27" type="CSGBox3D" parent="Hangar"]
transform = Transform3D(1, 0, 0, 0, 1, 0, 0, 0, 1, 1.91, 13, 6.98719)
use_collision = true
size = Vector3(28, 1, 36)
material = SubResource("ShaderMaterial_gmofw")

[node name="CSGBox3D22" type="CSGBox3D" parent="Hangar"]
transform = Transform3D(1, 0, 0, 0, 1, 0, 0, 0, 1, 1.41, 7, 21.9872)
use_collision = true
size = Vector3(13, 1, 8)
material = SubResource("ShaderMaterial_gmofw")

[node name="CSGBox3D23" type="CSGBox3D" parent="Hangar"]
transform = Transform3D(0.707107, 0, 0.707107, 0, 1, 0, -0.707107, 0, 0.707107, 8.82422, 7, 19.1943)
use_collision = true
size = Vector3(8, 1, 4)
material = SubResource("ShaderMaterial_gmofw")

[node name="CSGBox3D24" type="CSGBox3D" parent="Hangar"]
transform = Transform3D(0.707107, 0, 0.707107, 0, 1, 0, -0.707107, 0, 0.707107, 15.6183, 7, 18.5969)
use_collision = true
size = Vector3(5, 1, 5)
material = SubResource("ShaderMaterial_gmofw")

[node name="CSGBox3D25" type="CSGBox3D" parent="Hangar"]
transform = Transform3D(0.707107, 0, 0.707107, 0, 1, 0, -0.707107, 0, 0.707107, 9.01547, 7, 25.3961)
use_collision = true
size = Vector3(2, 1, 5)
material = SubResource("ShaderMaterial_gmofw")

[node name="CSGBox3D11" type="CSGBox3D" parent="Hangar"]
transform = Transform3D(1, 0, 0, 0, 1, 0, 0, 0, 1, -9.09, 7, 18.9872)
use_collision = true
size = Vector3(8, 1, 14)
material = SubResource("ShaderMaterial_gmofw")

[node name="CSGBox3D13" type="CSGBox3D" parent="Hangar"]
transform = Transform3D(-3.09086e-08, 0.707107, 0.707107, -1, -4.37114e-08, -1.77636e-15, 3.09086e-08, -0.707107, 0.707107, -8.09, 10, 18.9872)
use_collision = true
size = Vector3(6, 1, 14)
material = SubResource("ShaderMaterial_gmofw")

[node name="CSGBox3D16" type="CSGBox3D" parent="Hangar"]
transform = Transform3D(-5.35353e-08, -0.707107, -0.707107, 1, -3.1999e-08, -4.37114e-08, 8.28195e-09, -0.707107, 0.707107, 4.91, 10, 18.9872)
use_collision = true
size = Vector3(6, 1, 14)
material = SubResource("ShaderMaterial_gmofw")

[node name="CSGBox3D17" type="CSGBox3D" parent="Hangar"]
transform = Transform3D(-7.6162e-08, -0.707107, -0.707107, -1, -1.17124e-08, 1.19422e-07, -9.27259e-08, 0.707107, -0.707107, 4.91, 10, -6.01281)
use_collision = true
size = Vector3(6, 1, 14)
material = SubResource("ShaderMaterial_gmofw")

[node name="CSGBox3D18" type="CSGBox3D" parent="Hangar"]
transform = Transform3D(-1.19422e-07, 8.9407e-08, -1, -1, -1.17124e-08, 1.19422e-07, -1.17124e-08, 1, 8.9407e-08, -1.59, 10, -11.0128)
use_collision = true
size = Vector3(6, 1, 7)
material = SubResource("ShaderMaterial_gmofw")

[node name="CSGBox3D21" type="CSGBox3D" parent="Hangar"]
transform = Transform3D(-1.19422e-07, 8.9407e-08, -1, -1, -1.17124e-08, 1.19422e-07, -1.17124e-08, 1, 8.9407e-08, -1.59, 10, -11.0128)
use_collision = true
size = Vector3(6, 1, 7)
material = SubResource("ShaderMaterial_gmofw")

[node name="CSGBox3D26" type="CSGBox3D" parent="Hangar"]
transform = Transform3D(-1.19422e-07, 8.9407e-08, -1, -1, -1.17124e-08, 1.19422e-07, -1.17124e-08, 1, 8.9407e-08, -1.59, 10, 23.9872)
use_collision = true
size = Vector3(6, 1, 5)
material = SubResource("ShaderMaterial_gmofw")

[node name="CSGBox3D14" type="CSGBox3D" parent="Hangar"]
transform = Transform3D(-6.32303e-08, -0.707107, -0.707107, 1, -4.09782e-08, -3.62547e-08, 5.68417e-09, -0.707107, 0.707107, -8.09, 10, -6.01281)
use_collision = true
size = Vector3(6, 1, 14)
material = SubResource("ShaderMaterial_gmofw")

[node name="CSGBox3D15" type="CSGBox3D" parent="Hangar"]
transform = Transform3D(-4.06913e-08, -1, -2.98023e-08, 1, -4.09782e-08, -3.62547e-08, 4.87299e-08, -2.98023e-08, 1, -11.3231, 10, 6.48719)
use_collision = true
size = Vector3(6, 1, 19)
material = SubResource("ShaderMaterial_gmofw")

[node name="CSGBox3D19" type="CSGBox3D" parent="Hangar"]
transform = Transform3D(-4.06913e-08, -1, -2.98023e-08, 1, -4.09782e-08, -3.62547e-08, 4.87299e-08, -2.98023e-08, 1, 9.77104, 10, 11.9872)
use_collision = true
size = Vector3(6, 1, 6)
material = SubResource("ShaderMaterial_gmofw")

[node name="CSGBox3D20" type="CSGBox3D" parent="Hangar"]
transform = Transform3D(-4.06913e-08, -1, -2.98023e-08, 1, -4.09782e-08, -3.62547e-08, 4.87299e-08, -2.98023e-08, 1, 9.77104, 10, 1.21473)
use_collision = true
size = Vector3(6, 1, 5.54492)
material = SubResource("ShaderMaterial_gmofw")

[node name="CSGBox3D12" type="CSGBox3D" parent="Hangar"]
transform = Transform3D(1, 0, 0, 0, 1, 0, 0, 0, 1, -9.09, 7, -8.51281)
use_collision = true
size = Vector3(8, 1, 19)
material = SubResource("ShaderMaterial_gmofw")

[node name="wall_light4" parent="Hangar" instance=ExtResource("5_ohl5s")]
transform = Transform3D(1, 0, 0, 0, -1, 8.74228e-08, 0, -8.74228e-08, -1, -2.28136, 12.5, 1.51756)

[node name="wall_light6" parent="Hangar" instance=ExtResource("5_ohl5s")]
transform = Transform3D(1, 0, 0, 0, -1, 8.74228e-08, 0, -8.74228e-08, -1, -2.28136, 12.5, 11.5176)

[node name="wall_light5" parent="Hangar" instance=ExtResource("5_ohl5s")]
transform = Transform3D(1, 0, 0, 0, -1, 8.74228e-08, 0, -8.74228e-08, -1, 9.71864, 12.5, 6.51756)

[node name="Bridge" type="Node3D" parent="."]
transform = Transform3D(1, 0, 0, 0, 1, 0, 0, 0, 1, 0, 21, -13)

[node name="wall_light" parent="Bridge" instance=ExtResource("5_ohl5s")]
transform = Transform3D(-1, -8.74228e-08, 0, 8.74228e-08, -1, 0, 0, 0, 1, 4.82123e-07, 4.4691, 0)

[node name="human_reference" parent="Bridge" instance=ExtResource("4_534o4")]
transform = Transform3D(1, 0, 0, 0, 1, 0, 0, 0, 1, 2.04476, 0.5, 2.31515)

[node name="Floor" type="CSGBox3D" parent="Bridge"]
transform = Transform3D(1, 0, 0, 0, 1, 0, 0, 0, 1, -3.9873, 0, -6.5)
use_collision = true
size = Vector3(5, 1, 3)
material = SubResource("ShaderMaterial_lxtyw")

[node name="Floor11" type="CSGBox3D" parent="Bridge"]
transform = Transform3D(1, 0, 0, 0, 1, 0, 0, 0, 1, 4.0127, 0, -6.5)
use_collision = true
size = Vector3(5, 1, 3)
material = SubResource("ShaderMaterial_lxtyw")

[node name="Floor8" type="CSGBox3D" parent="Bridge"]
transform = Transform3D(1, 0, 0, 0, 1, 0, 0, 0, 1, 0, 0, -0.5)
use_collision = true
size = Vector3(13, 1, 9)
material = SubResource("ShaderMaterial_lxtyw")

[node name="Floor3" type="CSGBox3D" parent="Bridge"]
transform = Transform3D(1, 0, 0, 0, 0.707107, -0.707107, 0, 0.707107, 0.707107, 5, -3.35355, 8.35355)
use_collision = true
size = Vector3(4, 1, 11)
material = SubResource("ShaderMaterial_lxtyw")

[node name="Floor7" type="CSGBox3D" parent="Bridge"]
transform = Transform3D(1, 0, 0, 0, 0.707107, -0.707107, 0, 0.707107, 0.707107, 0, -1.23223, 6.23223)
use_collision = true
size = Vector3(6, 1, 5)
material = SubResource("ShaderMaterial_lxtyw")

[node name="Floor6" type="CSGBox3D" parent="Bridge"]
transform = Transform3D(1, 0, 0, 0, 0.707107, -0.707107, 0, 0.707107, 0.707107, -4.5, -3.35355, 8.35355)
use_collision = true
size = Vector3(3, 1, 11)
material = SubResource("ShaderMaterial_lxtyw")

[node name="Floor5" type="CSGBox3D" parent="Bridge"]
transform = Transform3D(-1, -4.37114e-08, -7.57103e-08, 7.57103e-08, 2.08616e-07, -1, 4.37113e-08, -1, -2.08616e-07, 0.5, -3.41259, -8.5)
use_collision = true
size = Vector3(13, 1, 10)
material = SubResource("ShaderMaterial_lxtyw")

[node name="Floor2" type="CSGBox3D" parent="Bridge"]
transform = Transform3D(1, 0, 0, 0, 1, 0, 0, 0, 1, 0, 5, -1)
use_collision = true
size = Vector3(12, 1, 16)
material = SubResource("ShaderMaterial_lxtyw")

[node name="Floor9" type="CSGBox3D" parent="Bridge"]
transform = Transform3D(-4.37114e-08, 1, 0, -1, -4.37114e-08, 0, 0, 0, 1, 6.01146, 0.999998, -1.99811)
use_collision = true
size = Vector3(2, 1, 14)
material = SubResource("ShaderMaterial_lxtyw")

[node name="Floor10" type="CSGBox3D" parent="Bridge"]
transform = Transform3D(-4.37114e-08, 1, 0, -1, -4.37114e-08, 0, 0, 0, 1, -6, 1, -2)
use_collision = true
size = Vector3(2, 1, 14)
material = SubResource("ShaderMaterial_lxtyw")

[node name="Floor12" type="CSGBox3D" parent="Bridge"]
transform = Transform3D(-4.37114e-08, 1, 0, -0.965926, -4.2222e-08, -0.258819, -0.258819, -1.13133e-08, 0.965926, -5.6919, 2.5527, 5.01759)
use_collision = true
size = Vector3(4.59619, 0.383801, 1.76855)
material = SubResource("ShaderMaterial_lxtyw")

[node name="Floor13" type="CSGBox3D" parent="Bridge"]
transform = Transform3D(-4.37114e-08, 1, 0, -0.965926, -4.2222e-08, -0.258819, -0.258819, -1.13133e-08, 0.965926, 5.66162, 2.5527, 5.01759)
use_collision = true
size = Vector3(4.59619, 0.383801, 1.76855)
material = SubResource("ShaderMaterial_lxtyw")

[node name="Floor14" type="CSGBox3D" parent="Bridge"]
transform = Transform3D(-4.37114e-08, 1, 0, -0.965926, -4.2222e-08, 0.258819, 0.258819, 1.13133e-08, 0.965926, 5.66162, 2.45896, -6.11237)
use_collision = true
size = Vector3(5, 0.383801, 4)
material = SubResource("ShaderMaterial_lxtyw")

[node name="Floor15" type="CSGBox3D" parent="Bridge"]
transform = Transform3D(-4.37114e-08, 1, 0, -0.965926, -4.2222e-08, 0.258819, 0.258819, 1.13133e-08, 0.965926, -5.73192, 2.45896, -6.11237)
use_collision = true
size = Vector3(5, 0.383801, 4)
material = SubResource("ShaderMaterial_lxtyw")

[node name="Glass" type="CSGBox3D" parent="Bridge"]
transform = Transform3D(2.18557e-08, 3.78552e-08, -1, 0.932538, 0.361071, 3.40497e-08, 0.361071, -0.932538, -2.74099e-08, 0.113176, 2.82681, 5.43424)
use_collision = true
size = Vector3(5, 0.411133, 12.5669)
material = SubResource("StandardMaterial3D_kbwmj")

[node name="Glass2" type="CSGBox3D" parent="Bridge"]
transform = Transform3D(2.18557e-08, 3.78552e-08, -1, 0.964961, -0.262391, 1.1157e-08, -0.262391, -0.964961, -4.22635e-08, 0.113176, 3.14051, -8.22098)
use_collision = true
size = Vector3(2.93262, 0.411133, 12.5669)
material = SubResource("StandardMaterial3D_kbwmj")

