[gd_scene load_steps=10 format=3 uid="uid://blh5vmbo3xtwo"]

[ext_resource type="Script" path="res://system/game_manager.gd" id="1_fir5i"]
[ext_resource type="Script" path="res://system/network_manager.gd" id="2_4wxfc"]
[ext_resource type="PackedScene" uid="uid://ccqbvtqs600cl" path="res://ship/ship.tscn" id="3_1oyru"]
[ext_resource type="PackedScene" uid="uid://db1lqpw1tim4q" path="res://ui/ui.tscn" id="4_diix6"]
[ext_resource type="Script" path="res://system/planet.gd" id="5_grrig"]

[sub_resource type="ProceduralSkyMaterial" id="ProceduralSkyMaterial_gm8k2"]
sky_horizon_color = Color(0.64625, 0.65575, 0.67075, 1)
ground_horizon_color = Color(0.64625, 0.65575, 0.67075, 1)

[sub_resource type="Sky" id="Sky_y2rht"]
sky_material = SubResource("ProceduralSkyMaterial_gm8k2")

[sub_resource type="Environment" id="Environment_recut"]
background_mode = 2
sky = SubResource("Sky_y2rht")
tonemap_mode = 2
glow_enabled = true

[sub_resource type="StandardMaterial3D" id="StandardMaterial3D_idnws"]
albedo_color = Color(0.559272, 0.35875, 0.214298, 1)

[node name="Root" type="Node3D"]
script = ExtResource("1_fir5i")

[node name="NetworkManager" type="Node" parent="." groups=["network manager"]]
script = ExtResource("2_4wxfc")
spawn_position = Vector3(0, 0, 5)

[node name="Camera3D" type="Camera3D" parent="NetworkManager"]
transform = Transform3D(0.258819, 0, 0.965926, 0, 1, 0, -0.965926, 0, 0.258819, 18.3342, 8, 22.0981)

[node name="World" type="Node3D" parent="."]

[node name="WorldEnvironment" type="WorldEnvironment" parent="World"]
environment = SubResource("Environment_recut")

[node name="DirectionalLight3D" type="DirectionalLight3D" parent="World"]
transform = Transform3D(-0.866025, -0.433013, 0.25, 0, 0.5, 0.866025, -0.5, 0.75, -0.433013, 0, 0, 0)
shadow_enabled = true

[node name="Ship" parent="." instance=ExtResource("3_1oyru")]

[node name="Entities" type="Node3D" parent="."]

[node name="UI" parent="." node_paths=PackedStringArray("network_manager") instance=ExtResource("4_diix6")]
network_manager = NodePath("../NetworkManager")

[node name="MultiplayerSpawner" type="MultiplayerSpawner" parent="."]
_spawnable_scenes = PackedStringArray("res://player/player.tscn")
spawn_path = NodePath("..")

[node name="Planet" type="Node3D" parent="." groups=["planet"]]
transform = Transform3D(1, 0, 0, 0, 1, 0, 0, 0, 1, 0, -429.093, 0)
script = ExtResource("5_grrig")

[node name="CSGSphere3D" type="CSGSphere3D" parent="Planet"]
use_collision = true
radius = 354.906

[node name="CSGCylinder3D" type="CSGCylinder3D" parent="Planet"]
transform = Transform3D(1, 0, 0, 0, 1, 0, 0, 0, 1, 0, 351, 0)
use_collision = true
radius = 31.4976
height = 24.4354
material = SubResource("StandardMaterial3D_idnws")

[node name="CSGCylinder3D2" type="CSGCylinder3D" parent="Planet"]
transform = Transform3D(0.5, 0.866025, 0, -0.866025, 0.5, 0, 0, 0, 1, 208, 267.507, 0)
use_collision = true
radius = 31.4976
height = 24.4354
material = SubResource("StandardMaterial3D_idnws")

[node name="CSGCylinder3D3" type="CSGCylinder3D" parent="Planet"]
transform = Transform3D(-0.12941, -0.224144, 0.965926, -0.866025, 0.5, 0, -0.482963, -0.836516, -0.258819, -8.99884, 162.494, 329.012)
use_collision = true
radius = 31.4976
height = 24.4354
material = SubResource("StandardMaterial3D_idnws")

[node name="CSGCylinder3D4" type="CSGCylinder3D" parent="Planet"]
transform = Transform3D(0.5, 0.866025, 0, -0.866025, 0.5, -7.19671e-09, -3.72529e-08, 0, 1, -336.199, 57.8882, 51.2434)
use_collision = true
radius = 31.4976
height = 24.4354
material = SubResource("StandardMaterial3D_idnws")

[node name="CSGCylinder3D5" type="CSGCylinder3D" parent="Planet"]
transform = Transform3D(0.5, 0.866025, 0, -0.866025, 0.5, -7.19671e-09, -3.72529e-08, 0, 1, -237.71, -70.7578, -218.829)
use_collision = true
radius = 31.4976
height = 24.4354
material = SubResource("StandardMaterial3D_idnws")

[node name="CSGCylinder3D6" type="CSGCylinder3D" parent="Planet"]
transform = Transform3D(0.5, 0.866025, 0, -0.866025, 0.5, -7.19671e-09, -3.72529e-08, 0, 1, 70.6624, -70.7578, -333.387)
use_collision = true
radius = 31.4976
height = 24.4354
material = SubResource("StandardMaterial3D_idnws")

[node name="CSGCylinder3D7" type="CSGCylinder3D" parent="Planet"]
transform = Transform3D(-0.0823735, 0.996511, 0.0134718, -0.995644, -0.0828792, 0.0427098, 0.0436773, -0.00989495, 0.998997, 330.907, -70.7579, -24.195)
use_collision = true
radius = 31.4976
height = 24.4354
material = SubResource("StandardMaterial3D_idnws")

[node name="CSGCylinder3D8" type="CSGCylinder3D" parent="Planet"]
transform = Transform3D(-0.0823735, 0.996511, 0.0134718, -0.995644, -0.0828792, 0.0427098, 0.0436773, -0.00989495, 0.998997, 177.889, -70.7579, 293.161)
use_collision = true
radius = 31.4976
height = 24.4354
material = SubResource("StandardMaterial3D_idnws")

[node name="CSGCylinder3D9" type="CSGCylinder3D" parent="Planet"]
transform = Transform3D(-0.0823735, 0.996511, 0.0134718, -0.995644, -0.0828792, 0.0427098, 0.0436773, -0.00989495, 0.998997, -207.293, -170.646, 208.002)
use_collision = true
radius = 31.4976
height = 24.4354
material = SubResource("StandardMaterial3D_idnws")

[node name="CSGCylinder3D10" type="CSGCylinder3D" parent="Planet"]
transform = Transform3D(-0.0823735, 0.996511, 0.0134718, -0.995644, -0.0828792, 0.0427098, 0.0436773, -0.00989495, 0.998997, -93.5943, 242.109, -243.459)
use_collision = true
radius = 31.4976
height = 24.4354
material = SubResource("StandardMaterial3D_idnws")

[node name="CSGCylinder3D11" type="CSGCylinder3D" parent="Planet"]
transform = Transform3D(-0.0823735, 0.996511, 0.0134718, -0.995644, -0.0828792, 0.0427098, 0.0436773, -0.00989495, 0.998997, 223.624, 30.6201, -271.779)
use_collision = true
radius = 31.4976
height = 24.4354
material = SubResource("StandardMaterial3D_idnws")
